Test Generation Using the W-method. V2.0. August 1, 2013

Enter filename: Bond
FSM input from:  Bond
States: 6
Edges 68
Input alphabet:
(
)
0
1
2
3
4
5
6
7
8
9

Output alphabet:
no
yes

From 	 Input/Output 	 To
1	 4/no		 1
1	 5/no		 1
1	 (/no		 2
1	 7/no		 1
1	 6/no		 1
1	 2/no		 1
1	 )/no		 1
1	 0/no		 1
1	 8/no		 1
1	 3/no		 1
1	 1/no		 1
1	 9/no		 1
2	 8/no		 2
2	 )/no		 2
2	 0/no		 3
2	 4/no		 2
2	 6/no		 2
2	 9/no		 2
2	 3/no		 2
2	 5/no		 2
2	 1/no		 2
2	 2/no		 2
2	 7/no		 2
3	 )/no		 2
3	 4/no		 2
3	 8/no		 2
3	 5/no		 2
3	 1/no		 2
3	 3/no		 2
3	 7/no		 2
3	 0/no		 4
3	 2/no		 2
3	 6/no		 2
3	 9/no		 2
4	 )/no		 2
4	 6/no		 2
4	 8/no		 2
4	 2/no		 2
4	 4/no		 2
4	 9/no		 2
4	 5/no		 2
4	 0/no		 2
4	 1/no		 2
4	 7/no		 5
4	 3/no		 2
5	 (/no		 5
5	 6/no		 5
5	 7/no		 5
5	 3/no		 5
5	 2/no		 5
5	 5/no		 5
5	 )/yes		 6
5	 1/no		 5
5	 8/no		 5
5	 9/no		 5
5	 0/no		 5
6	 8/yes		 6
6	 0/yes		 6
6	 2/yes		 6
6	 4/yes		 6
6	 9/yes		 6
6	 1/yes		 6
6	 5/yes		 6
6	 )/yes		 6
6	 (/yes		 6
6	 6/yes		 6
6	 7/yes		 6
6	 3/yes		 6

Transition cover set (P). 69 entries.
Empty ( () (0 (0) (00 (00) (000 (001 (002 (003 (004 (005 (006 (007 (007( (007) (007)( (007)) (007)0 (007)1 (007)2 (007)3 (007)4 (007)5 (007)6 (007)7 (007)8 (007)9 (0070 (0071 (0072 (0073 (0075 (0076 (0077 (0078 (0079 (008 (009 (01 (02 (03 (04 (05 (06 (07 (08 (09 (1 (2 (3 (4 (5 (6 (7 (8 (9 ) 0 1 2 3 4 5 6 7 8 9 

W Set. 4 entries.
( ) 07( 7( 

Number of Test Cases :264
Test cases: [(, ((, (), ()(, ()), ()07(, ()7(, (0(, (0), (0)(, (0)), (0)07(, (0)7(, (00(, (00), (00)(, (00)), (00)07(, (00)7(, (000(, (000), (00007(, (0007(, (001(, (001), (00107(, (0017(, (002(, (002), (00207(, (0027(, (003(, (003), (00307(, (0037(, (004(, (004), (00407(, (0047(, (005(, (005), (00507(, (0057(, (006(, (006), (00607(, (0067(, (007(, (007((, (007(), (007(07(, (007(7(, (007), (007)(, (007)((, (007)(), (007)(07(, (007)(7(, (007)), (007))(, (007))), (007))07(, (007))7(, (007)0(, (007)0), (007)007(, (007)07(, (007)1(, (007)1), (007)107(, (007)17(, (007)2(, (007)2), (007)207(, (007)27(, (007)3(, (007)3), (007)307(, (007)37(, (007)4(, (007)4), (007)407(, (007)47(, (007)5(, (007)5), (007)507(, (007)57(, (007)6(, (007)6), (007)607(, (007)67(, (007)7(, (007)7), (007)707(, (007)77(, (007)8(, (007)8), (007)807(, (007)87(, (007)9(, (007)9), (007)907(, (007)97(, (0070(, (0070), (007007(, (00707(, (0071(, (0071), (007107(, (00717(, (0072(, (0072), (007207(, (00727(, (0073(, (0073), (007307(, (00737(, (0075(, (0075), (007507(, (00757(, (0076(, (0076), (007607(, (00767(, (0077(, (0077), (007707(, (00777(, (0078(, (0078), (007807(, (00787(, (0079(, (0079), (007907(, (00797(, (008(, (008), (00807(, (0087(, (009(, (009), (00907(, (0097(, (01(, (01), (0107(, (017(, (02(, (02), (0207(, (027(, (03(, (03), (0307(, (037(, (04(, (04), (0407(, (047(, (05(, (05), (0507(, (057(, (06(, (06), (0607(, (067(, (07(, (07), (0707(, (077(, (08(, (08), (0807(, (087(, (09(, (09), (0907(, (097(, (1(, (1), (107(, (17(, (2(, (2), (207(, (27(, (3(, (3), (307(, (37(, (4(, (4), (407(, (47(, (5(, (5), (507(, (57(, (6(, (6), (607(, (67(, (7(, (7), (707(, (77(, (8(, (8), (807(, (87(, (9(, (9), (907(, (97(, ), )(, )), )07(, )7(, 0(, 0), 007(, 07(, 1(, 1), 107(, 17(, 2(, 2), 207(, 27(, 3(, 3), 307(, 37(, 4(, 4), 407(, 47(, 5(, 5), 507(, 57(, 6(, 6), 607(, 67(, 7(, 7), 707(, 77(, 8(, 8), 807(, 87(, 9(, 9), 907(, 97(]

Test Case 1
( 
FSM execution begins. Input:  ( Initial state: 1
Current state: 1
 Input: ( Next state: 2 Output: no

FSM execution completed. Final state: 2
Output pattern:no

Test Case 2
( ( 
FSM execution begins. Input:  ( ( Initial state: 1
Current state: 1
 Input: ( Next state: 2 Output: no
Current state: 2

Exception occured. 
Class:WMethod
Method: runFSM
 Invalid token: (
